Guido Benetti
54
166
106
23
179
171
164
179
95
50
184
29
103
57
179
Davide Caprino
5
52
47
177
63
100
103
58
54
31
168
8
19
0
180
Gianluca roveda
124
146
71
147
137
4
38
145
95
134
148
125
14
96
36
Tullio Facchinetti
89
16
82
4
137
7
12
34
59
23
42
101
22
45
52
Alessandro Tramonte
58
90
26
72
97
141
20
147
44
163
72
87
104
172
133
Daniele De Martini
158
139
196
11
133
110
143
103
176
170
62
147
149
168
75
Massimo Carvani
27
15
118
87
99
123
27
127
133
193
34
26
3
137
98
Mister X
19
117
174
141
176
113
70
136
175
114
130
129
118
6
76
