Guido Benetti
150
150
150
150
150
150
150
150
150
150
150
150
150
150
150
Davide Caprino
151
151
151
151
151
151
151
151
151
151
151
151
151
151
151
Gianluca Roveda
5
5
5
5
5
5
5
5
5
5
5
5
5
5
5
Tullio Facchinetti
1
1
1
1
1
1
1
1
1
1
1
1
1
1
1
Alessandro Tramonte
0
0
0
0
0
0
0
0
0
0
0
0
0
0
200
Daniele De Martini
10000
1510
1510
1510
1510
1510
1510
1510
1510
1510
1510
1510
1510
1510
150
Massimo Carvani
31
31
31
31
31
31
31
31
31
31
31
31
31
31
31
Mister X
31
31
31
31
31
31
31
31
31
31
31
31
31
31
30
